50,1,0|49,0,0|51,0,0|49,0,0|51,0,0|49,0,0|51,0,0|49,0,0|
49,2,0|54,0,0|46,0,0|50,0,0|44,0,0|50,0,0|52,0,0|53,0,0|
53,2,0|51,0,0|41,0,0|51,0,0|44,0,0|49,0,0|55,0,0|54,0,0|
53,3,0|51,0,0|41,0,0|51,0,0|45,0,0|47,0,0|55,0,0|54,0,0|
53,3,0|53,0,0|40,0,0|51,0,0|46,0,0|45,0,0|53,0,0|56,0,0|
53,4,0|54,0,0|41,0,0|50,0,0|46,0,0|45,0,0|50,0,0|57,0,0|
53,4,0|53,0,0|38,0,0|51,0,0|43,0,0|47,0,0|54,0,0|57,0,0|
52,6,0|53,0,0|37,0,0|49,0,0|42,0,0|46,0,0|57,0,0|58,0,0|
48,7,0|59,0,0|35,0,0|51,0,0|42,0,0|46,0,0|56,1,0|55,0,0|
48,9,0|59,0,0|35,0,0|51,0,0|43,0,0|44,0,0|55,1,0|55,0,0|
46,12,0|62,0,0|32,0,0|53,0,0|40,0,0|45,0,0|55,1,0|54,0,0|
43,12,0|57,0,0|32,0,0|53,0,0|41,0,0|44,0,0|58,2,0|58,0,0|
43,12,0|61,0,0|32,0,0|51,0,0|39,0,0|44,0,0|57,4,0|57,0,0|
45,17,0|55,0,0|32,0,0|50,0,0|39,0,0|44,0,0|56,3,0|59,0,0|
44,17,0|58,0,0|31,0,0|50,0,0|38,0,0|44,0,0|57,3,0|58,0,0|
46,16,0|58,0,0|32,0,0|48,0,0|38,0,0|44,0,0|58,4,0|56,0,0|
45,17,0|60,0,0|30,0,0|48,0,0|37,0,0|44,0,0|61,4,0|54,0,0|
47,19,0|55,1,0|31,0,0|47,0,0|38,0,0|42,0,0|60,2,0|58,0,0|
46,19,0|59,1,0|31,0,0|46,0,0|34,0,0|45,0,0|59,2,0|58,0,0|
47,19,0|56,0,0|30,0,0|46,0,0|37,0,0|42,0,0|60,3,0|60,0,0|
46,19,0|57,5,0|29,0,0|46,0,0|35,0,0|44,0,0|59,3,0|57,0,0|
43,19,0|58,5,0|28,0,0|45,0,0|35,0,0|43,0,0|64,3,0|57,0,0|
45,20,0|56,6,0|29,0,0|44,0,0|34,0,0|44,0,0|61,3,0|58,0,0|
43,21,0|57,9,0|29,0,0|40,0,0|35,0,0|43,0,0|60,2,0|61,0,0|
41,21,0|61,8,0|28,0,0|41,0,0|33,0,0|44,0,0|62,3,0|58,0,0|
41,21,0|59,7,0|29,0,0|40,0,0|33,0,0|44,0,0|61,3,0|58,4,0|
45,21,0|59,9,0|29,0,0|39,0,0|32,0,0|45,0,0|58,3,0|55,5,0|
43,23,0|56,11,0|29,0,0|39,0,0|36,0,0|41,0,0|61,3,0|54,4,0|
43,21,0|52,13,0|27,0,0|41,0,0|33,0,0|43,0,0|58,3,0|60,6,0|
43,22,0|50,13,0|28,0,0|39,0,0|35,0,0|41,0,0|61,3,0|59,6,0|
43,26,0|46,14,0|26,0,0|42,0,0|35,0,0|40,0,0|60,3,0|60,5,0|
36,30,0|49,14,0|27,0,0|40,0,0|35,0,0|39,0,0|58,6,0|60,6,0|
32,34,0|47,14,0|24,0,0|43,0,0|37,0,0|36,0,0|60,7,0|60,6,0|
33,31,1|47,16,0|24,0,0|42,0,0|35,0,0|37,0,0|61,8,0|59,6,0|
30,30,1|47,16,0|23,0,0|43,0,0|36,0,0|35,0,0|61,9,0|61,8,0|
31,34,1|44,15,0|23,0,0|43,0,0|35,0,0|35,0,0|60,7,0|63,9,0|
31,32,2|47,15,0|24,0,0|42,0,0|34,0,0|36,0,0|60,8,0|59,10,0|
35,34,2|41,14,0|21,0,0|43,0,0|33,0,0|36,0,0|58,8,0|65,10,0|
35,34,2|44,15,0|20,0,0|43,0,0|34,0,0|34,1,0|60,9,0|62,7,0|
35,36,2|43,15,0|20,0,0|43,0,0|34,0,0|33,0,0|58,11,0|63,7,0|
36,35,2|44,16,0|19,0,0|42,0,0|33,0,0|34,0,0|59,11,0|60,9,0|
34,34,2|44,16,0|19,0,0|42,0,0|31,0,0|34,0,0|61,14,0|59,10,0|
34,35,2|44,17,0|20,0,0|41,0,0|32,0,0|33,0,0|58,15,0|57,12,0|
31,36,2|42,18,0|21,0,0|40,0,0|31,0,0|34,0,0|59,15,0|54,17,0|
34,35,2|44,19,0|20,0,0|40,0,0|32,0,0|33,0,0|55,16,0|52,18,0|
32,38,3|45,17,0|22,0,0|38,0,0|32,0,0|33,0,0|54,16,1|47,22,0|
30,37,3|44,20,0|21,0,0|39,0,0|33,0,0|32,0,0|55,16,1|45,24,0|
26,41,3|43,18,0|21,0,0|39,0,0|33,0,0|32,0,0|57,14,1|45,27,0|
31,41,3|40,18,0|22,0,0|38,0,0|33,0,0|32,0,0|54,14,1|45,28,0|
27,39,4|42,19,0|21,0,0|37,0,0|30,0,0|34,0,0|54,17,1|47,28,0|
25,43,4|44,19,0|21,0,0|36,0,0|33,0,0|31,0,0|50,18,1|45,30,0|
26,42,4|42,19,1|21,0,0|35,0,0|31,0,0|32,0,0|50,19,1|46,31,0|
25,45,4|43,18,1|21,0,0|34,0,0|33,0,0|30,0,0|48,21,1|43,33,0|
25,43,4|40,22,1|20,0,0|34,0,0|31,0,0|32,0,0|48,24,1|43,32,0|
21,45,4|42,20,1|20,0,0|34,0,0|31,0,0|32,0,0|48,24,1|41,36,0|
18,52,4|41,19,1|19,0,0|34,0,0|31,0,0|32,0,0|49,23,1|40,36,0|
18,48,4|42,23,1|19,0,0|34,0,0|30,0,0|31,0,0|52,24,1|32,41,0|
17,48,3|45,24,2|19,0,0|33,0,0|29,0,0|31,0,0|49,27,1|32,40,0|
17,48,4|44,26,2|19,0,0|31,0,0|26,0,0|34,0,0|45,30,1|30,43,0|
17,49,5|42,25,2|19,0,0|31,0,0|27,0,0|33,0,0|42,30,1|32,45,0|
17,47,5|43,24,2|18,0,0|32,0,0|25,0,0|34,0,0|37,39,1|31,45,0|
19,47,6|42,24,2|19,0,0|31,0,0|26,0,0|33,0,0|34,38,3|30,46,0|
18,45,6|43,24,2|18,0,0|30,0,0|27,0,0|32,0,0|34,40,3|32,46,0|
19,50,6|41,25,2|19,0,0|29,0,0|29,0,0|30,0,0|33,35,3|31,48,0|
18,51,7|42,25,2|19,0,0|29,0,0|26,0,0|32,0,0|34,36,3|28,48,0|
14,48,9|41,29,2|20,0,0|28,0,0|25,0,0|32,0,0|32,36,3|29,52,0|
13,48,9|40,28,4|20,0,0|28,0,0|24,0,0|33,0,0|30,40,3|28,52,0|
13,47,10|40,30,3|20,0,0|28,0,0|24,0,0|32,0,0|29,42,4|25,53,0|
13,48,12|37,31,3|21,0,0|26,0,0|22,0,0|33,0,0|26,47,3|26,52,0|
13,48,11|36,30,5|20,0,0|27,0,0|22,0,0|33,0,0|26,47,3|25,54,0|
13,46,11|36,31,5|20,0,0|27,0,0|22,0,0|33,0,0|23,52,3|26,52,0|
13,44,13|34,35,5|20,0,0|26,0,0|22,0,0|33,0,0|25,50,3|21,56,0|
12,45,14|35,32,5|20,0,0|26,0,0|24,0,0|30,0,0|22,57,3|21,53,1|
12,44,13|33,31,6|20,0,0|26,0,0|23,0,0|30,0,0|22,58,4|23,54,1|
12,46,14|31,34,5|20,0,0|25,0,0|22,0,0|31,0,0|17,59,4|24,55,1|
12,43,14|31,34,5|20,0,0|25,0,0|23,0,0|30,0,0|16,65,4|23,54,1|
12,42,18|31,36,3|20,0,0|25,0,0|24,0,0|28,0,0|15,64,4|22,55,1|
12,42,16|30,37,5|20,0,0|25,0,0|22,0,0|29,0,0|16,66,4|22,53,1|
11,42,16|28,35,6|20,0,0|25,0,0|22,0,0|29,0,0|16,67,5|23,54,1|
10,43,18|27,34,6|20,0,0|24,0,0|22,0,0|29,0,0|16,65,4|24,57,1|
10,46,18|26,35,6|20,0,0|24,0,0|22,0,0|27,0,0|16,63,4|23,58,2|
10,47,18|27,33,7|20,0,0|24,0,0|22,0,0|27,0,0|16,63,4|21,59,2|
9,45,17|23,37,9|20,0,0|24,0,0|22,0,0|25,0,0|16,64,4|21,62,2|
9,48,18|25,36,9|20,0,0|23,0,0|22,0,0|23,0,0|16,64,4|19,61,3|
9,50,18|24,38,8|20,0,0|23,0,0|22,0,0|23,0,0|14,63,4|21,59,4|
9,48,18|24,40,10|21,0,0|22,0,0|21,0,0|24,0,0|14,64,4|20,57,4|
8,47,19|22,42,11|21,0,0|22,0,0|21,0,0|24,0,0|13,63,4|21,58,4|
9,49,18|22,45,12|20,0,0|23,0,0|22,0,0|23,0,0|13,59,6|20,53,6|
9,50,18|22,43,12|20,0,0|23,0,0|22,0,0|22,0,0|14,60,6|20,50,9|
10,46,20|21,41,11|20,0,0|23,0,0|22,0,0|22,0,0|12,61,8|21,51,11|
9,47,21|22,39,12|20,0,0|22,0,0|22,0,0|22,0,0|12,60,9|21,51,11|
9,46,23|22,38,12|21,0,0|21,0,0|21,0,0|22,0,0|13,63,9|20,47,13|
8,45,22|22,40,13|21,0,0|20,0,0|19,0,0|23,0,0|12,65,10|21,45,14|
7,47,24|22,40,12|20,0,0|21,0,0|18,0,0|24,0,0|12,62,11|21,45,14|
5,46,26|21,38,13|20,0,0|21,0,0|18,0,0|24,0,0|12,66,11|20,46,13|
5,49,26|21,38,15|20,0,0|21,0,0|17,0,0|25,0,0|12,62,12|18,46,13|
5,44,29|20,38,15|20,0,0|21,0,0|18,0,0|24,0,0|11,67,12|15,48,13|
6,42,30|17,42,13|20,0,0|21,0,0|18,0,0|23,0,0|10,64,13|18,48,15|
5,41,26|18,39,15|19,0,0|20,0,0|16,0,0|25,0,0|10,63,18|18,52,15|
5,40,26|15,38,15|18,0,0|20,0,0|18,0,0|21,0,0|11,64,18|20,56,15|
5,37,27|16,39,15|18,0,0|20,0,0|19,0,0|19,0,0|11,59,19|20,58,18|
5,38,31|16,41,15|18,0,0|20,0,0|19,0,0|19,0,0|10,58,17|18,53,22|
4,37,32|16,41,16|18,0,0|20,0,0|19,0,0|18,0,0|10,58,19|18,53,21|
5,34,33|15,45,18|18,0,0|20,0,0|19,0,0|18,0,0|10,58,18|17,51,21|
4,41,35|16,44,16|16,0,0|21,0,0|17,0,0|19,0,0|10,55,19|17,48,22|
5,35,34|16,44,17|15,0,0|20,0,0|18,0,0|18,0,0|9,59,23|18,48,21|
5,34,33|16,43,18|16,0,0|19,0,0|18,0,0|18,0,0|8,60,23|18,48,23|
5,31,34|15,41,21|15,1,0|20,0,0|17,0,0|19,0,0|8,58,26|18,48,23|
5,33,31|15,40,20|15,0,0|20,0,0|17,0,0|19,0,0|8,55,29|18,51,24|
6,33,36|14,43,19|14,0,0|20,0,0|17,0,0|19,0,0|7,54,25|18,46,29|
5,33,33|15,42,21|14,0,0|19,0,0|18,0,0|18,0,0|7,54,30|18,44,29|
6,30,35|16,45,21|14,0,0|18,0,0|18,0,0|17,0,0|8,53,32|17,42,28|
6,29,36|16,40,23|15,0,0|17,0,0|17,0,0|17,0,0|8,54,29|18,44,31|
6,29,39|15,40,21|15,0,0|17,0,0|17,0,0|16,0,0|7,53,28|20,43,34|
6,27,40|14,43,21|15,0,0|17,0,0|17,0,0|16,0,0|7,53,29|20,43,32|
7,31,38|14,41,21|14,0,0|17,0,0|17,0,0|15,0,0|7,51,30|21,42,34|
4,31,43|13,40,22|14,0,0|17,0,0|17,0,0|15,0,0|7,53,27|19,43,35|
4,30,43|11,42,24|15,0,0|16,0,0|17,0,0|15,0,0|7,51,28|19,42,36|
3,29,47|11,43,25|15,0,0|16,0,0|17,0,0|14,0,0|6,50,28|17,45,34|
3,31,48|10,41,24|15,0,0|16,0,0|17,0,0|14,0,0|6,50,28|17,45,35|
4,27,51|10,42,24|15,0,0|16,0,0|15,0,0|15,0,0|6,49,28|16,46,36|
4,28,51|10,40,24|15,0,0|16,0,0|15,0,0|15,0,0|6,50,28|15,45,38|
4,27,50|10,40,25|13,0,0|18,0,0|15,0,0|15,0,0|6,48,30|14,46,39|
3,27,50|10,42,24|12,0,0|19,0,0|15,0,0|15,0,0|7,48,32|13,42,41|
3,25,50|9,44,26|11,0,0|19,0,0|15,0,0|15,0,0|8,46,34|13,41,41|
4,27,50|8,43,26|11,0,0|18,0,0|15,0,0|15,0,0|9,42,35|11,44,42|
4,26,49|8,41,27|11,0,0|18,0,0|15,0,0|15,0,0|7,43,36|11,44,45|
3,25,51|8,42,27|10,0,0|19,0,0|15,0,0|15,0,0|6,48,35|8,42,46|
3,24,51|7,45,26|11,0,0|18,0,0|16,0,0|14,0,0|7,48,36|6,40,48|
3,25,51|7,41,30|11,0,0|18,0,0|15,0,0|15,0,0|7,45,39|6,38,49|
3,24,50|6,40,31|10,0,0|19,0,0|15,0,0|15,0,0|7,44,39|6,38,53|
3,23,50|6,41,31|12,0,0|17,0,0|16,0,0|14,0,0|6,45,39|6,37,54|
3,22,50|4,42,36|11,0,0|18,0,0|16,0,1|14,0,0|5,45,41|7,34,51|
2,23,50|4,40,36|10,0,0|19,0,0|15,0,0|14,0,0|5,42,44|7,35,54|
2,22,50|4,40,36|12,0,0|17,0,0|15,0,0|13,0,0|5,44,48|6,34,52|
1,22,50|3,41,36|11,0,0|18,0,0|15,0,0|13,0,0|6,43,47|5,35,54|
1,19,49|3,39,37|11,0,0|18,0,0|13,0,0|15,0,0|6,44,49|3,38,55|
1,20,50|4,38,40|10,0,0|18,0,0|14,0,0|14,0,0|4,42,52|4,35,54|
1,20,52|4,37,39|14,0,0|14,0,0|15,0,0|13,0,0|5,38,53|2,38,55|
1,19,51|4,37,39|13,0,0|15,0,0|15,0,0|13,0,0|5,38,54|2,35,59|
1,22,54|3,37,40|12,0,0|16,0,0|15,0,0|13,0,0|5,30,58|2,34,58|
0,21,53|3,40,42|12,0,0|14,0,0|14,0,0|13,0,0|5,31,60|2,34,56|
1,21,53|4,40,42|11,0,0|13,0,0|15,0,0|12,0,0|5,28,61|1,35,58|
0,24,55|2,43,42|10,0,0|14,0,0|13,0,0|13,0,0|5,24,62|2,32,59|
0,23,56|1,40,41|11,0,0|13,0,0|14,0,0|12,0,0|5,27,64|2,33,58|
0,21,59|0,43,43|11,0,0|13,0,0|14,0,0|12,0,0|4,28,62|2,30,58|
0,25,56|0,39,40|10,0,0|14,0,0|14,0,0|12,0,0|4,28,66|1,29,62|
1,26,56|0,37,42|11,0,0|12,0,0|14,0,0|12,0,0|4,25,66|1,29,64|
0,26,56|1,36,45|10,0,0|13,0,0|10,0,0|14,0,0|5,26,69|1,28,60|
0,24,58|1,36,45|10,0,0|13,0,0|11,0,0|13,0,0|4,25,68|1,30,61|
0,25,58|0,36,45|11,0,0|12,0,0|11,0,0|12,0,0|4,25,67|3,29,62|
0,24,59|0,36,45|10,0,0|13,0,0|12,0,0|11,0,0|4,26,68|3,29,60|
0,22,58|0,38,45|9,0,0|13,0,0|13,0,0|10,0,0|5,25,72|1,29,60|
0,22,54|0,35,47|9,0,0|11,0,0|12,0,0|10,0,0|6,24,74|2,32,62|
0,23,55|0,35,49|9,0,0|11,0,0|10,0,0|12,0,0|6,23,74|2,29,62|
0,22,55|0,33,53|9,0,0|11,0,0|11,0,0|11,0,0|6,20,78|1,32,58|
0,24,56|0,34,51|9,0,0|11,0,0|11,0,0|11,0,0|6,17,76|1,30,63|
1,24,57|1,34,51|10,0,0|10,0,0|10,0,0|12,0,0|4,17,78|1,28,62|
1,22,59|0,31,54|9,0,0|11,0,0|10,0,0|12,0,0|4,16,78|2,30,61|
1,23,57|0,30,55|8,0,0|12,0,0|12,0,0|10,0,0|4,15,79|1,29,64|
1,21,58|1,30,53|9,0,0|10,0,0|11,0,0|11,0,0|4,15,81|1,28,66|
2,20,62|1,32,55|7,0,0|11,0,0|12,0,0|9,0,0|4,13,78|2,28,64|
2,20,64|1,31,53|7,0,0|11,0,0|13,0,0|8,0,0|4,14,78|2,26,66|
2,20,66|1,31,54|7,0,0|11,0,0|13,0,0|8,0,0|4,14,78|2,25,64|
3,20,67|1,30,51|6,0,0|11,0,0|12,0,0|9,0,0|4,13,80|1,27,65|
3,21,65|1,29,54|7,0,0|10,0,0|12,0,0|9,0,0|4,13,82|1,26,63|
4,20,66|0,30,50|7,0,0|10,0,0|12,0,0|9,0,0|4,13,81|1,26,67|
3,20,63|1,29,52|7,0,0|10,0,0|11,0,0|10,0,0|3,13,83|2,26,67|
3,18,63|1,28,54|7,0,0|10,0,0|12,0,0|9,0,0|3,13,82|1,28,68|
3,17,63|1,28,55|7,0,0|10,0,0|12,0,0|9,0,0|3,14,82|1,27,68|
3,19,64|1,25,54|6,0,0|11,0,0|12,0,0|9,0,0|3,14,81|1,27,70|
4,19,66|1,22,55|6,0,0|11,0,0|11,0,0|9,0,0|2,13,83|1,29,68|
3,18,64|1,23,60|7,0,0|9,0,0|11,0,0|9,0,0|3,12,82|1,29,68|
3,17,67|0,23,58|7,0,0|9,0,0|12,0,0|8,0,0|3,13,82|1,28,69|
3,17,63|0,24,57|7,0,0|9,0,0|12,0,0|8,0,0|3,13,82|1,27,74|
2,16,66|1,24,59|7,0,0|9,0,0|12,0,0|8,0,0|3,14,81|1,27,70|
2,14,65|0,27,61|7,0,0|9,0,0|12,0,0|8,0,0|3,14,82|1,25,70|
2,14,64|0,25,64|7,0,0|9,0,0|13,0,0|7,0,0|3,14,81|1,25,71|
2,13,68|0,24,65|7,0,0|9,0,0|12,0,0|8,0,0|3,14,80|1,25,69|
2,13,69|0,23,63|7,0,0|9,0,0|11,0,0|9,0,0|3,15,79|1,23,73|
2,12,72|0,22,63|6,0,0|9,0,0|11,0,0|9,0,0|4,14,80|1,24,71|
2,12,72|0,20,62|7,0,0|8,0,0|11,0,0|9,0,0|4,13,82|1,24,73|
2,12,72|0,19,63|8,0,0|7,0,0|12,0,0|8,0,0|4,10,84|1,24,74|
2,13,74|0,19,66|7,0,0|7,0,0|12,0,0|8,0,0|4,9,84|2,23,70|
2,13,75|0,19,64|8,0,0|6,0,0|11,0,0|9,0,0|4,9,85|1,23,71|
2,13,73|0,19,68|8,0,0|5,0,0|12,0,0|8,0,0|4,8,82|2,23,73|
3,12,76|0,19,66|7,0,0|5,0,0|11,0,0|9,0,0|4,9,82|2,22,73|
3,11,75|0,19,67|7,0,0|5,0,0|11,0,0|9,0,0|4,9,83|1,22,74|
3,10,75|0,20,67|6,0,0|6,0,0|9,0,0|10,0,0|4,9,79|2,21,79|
3,9,76|0,19,64|6,0,0|6,0,0|12,0,0|7,0,0|4,8,82|2,21,81|
2,10,75|0,19,64|7,0,0|5,0,0|11,0,0|8,0,0|4,7,84|2,21,81|
2,12,76|0,17,64|7,0,0|5,0,0|11,0,0|8,0,0|4,6,83|2,21,82|
2,11,74|0,18,61|6,0,0|6,0,0|10,0,0|9,0,0|4,6,89|2,21,81|
3,12,77|0,17,63|6,0,0|6,0,0|10,0,0|9,0,0|3,6,84|2,21,81|
3,12,73|0,16,65|6,0,0|6,0,0|10,0,0|9,0,0|3,6,86|2,20,83|
2,11,73|0,15,69|5,0,0|7,0,0|12,0,0|7,0,0|4,6,85|2,20,82|
2,12,75|0,15,68|6,0,0|6,0,0|11,0,0|8,0,0|3,5,83|2,20,84|
1,11,75|0,14,68|6,0,0|6,0,0|11,0,0|8,0,0|4,7,85|2,18,84|
2,12,79|0,13,69|5,0,0|7,0,0|11,0,0|8,0,0|3,6,82|2,18,83|
2,11,79|0,13,66|5,0,0|7,0,0|11,0,0|8,0,0|3,6,82|2,19,86|
2,11,77|0,12,67|5,0,0|6,0,0|11,0,0|8,0,0|3,6,84|3,19,86|
2,10,78|0,13,70|5,0,0|6,0,0|11,0,0|8,0,0|3,8,82|3,17,84|
2,10,75|0,12,70|5,0,0|6,0,0|10,0,0|9,0,0|3,7,85|3,17,86|
2,12,77|0,9,74|5,0,0|6,0,0|10,0,0|9,0,0|3,8,81|3,16,85|
2,11,72|1,9,74|5,0,0|6,0,0|11,0,0|8,0,0|3,8,84|2,16,88|
2,12,75|0,9,76|5,0,0|6,0,0|11,0,0|8,0,0|3,7,79|3,15,89|
