0.40858,0.79506,0;2.61551,2.73265,0;2.70751,8.82931,0;2.75174,2.21809,1;3.07924,6.53255,0;4.39453,2.67641,0;6.72198,0.083918,0;7.75432,0.626539,0;9.60728,3.36565,0;9.6166,9.98985,0;|
0.419064,0.781961,0;2.626,2.71955,0;2.71799,8.81621,0;2.76222,2.20499,1;3.08972,6.51945,0;4.40501,2.66331,0;6.73246,0.0708187,0;7.7648,0.61344,0;9.61777,3.35255,0;9.62708,9.97675,0;|
0.429548,0.768862,0;2.63648,2.70645,0;2.72847,8.80311,0;2.7727,2.19189,1;3.10021,6.50635,0;4.4155,2.65021,0;6.74295,0.0577194,0;7.77529,0.60034,0;9.62825,3.33946,0;9.63757,9.96365,0;|
0.440032,0.755763,0;2.64697,2.69335,0;2.73896,8.79001,0;3.11069,6.49325,0;4.42598,2.63711,0;6.75343,0.0446201,0;7.78577,0.587241,0;9.63873,3.32636,0;9.64805,9.95055,0;|
0.450516,0.742663,0;2.65745,2.68025,0;2.74944,8.77691,0;3.12117,6.48015,0;4.43647,2.62401,0;6.76391,0.0315207,0;7.79625,0.574142,0;9.64922,3.31326,0;9.65854,9.93745,0;|
0.461,0.729564,0;2.66793,2.66715,0;2.75993,8.76381,0;3.13166,6.46705,0;4.44695,2.61091,0;6.7744,0.0184214,0;7.80674,0.561042,0;9.6597,3.30016,0;9.66902,9.92435,0;|
0.471484,0.716465,0;2.67842,2.65405,0;2.77041,8.75071,0;3.14214,6.45395,0;4.45743,2.59781,0;6.78488,0.00532207,0;7.81722,0.547943,0;9.67018,3.28706,0;9.6795,9.91125,0;|
0.481967,0.703365,0;2.6889,2.64095,0;2.78089,8.73761,0;3.15263,6.44085,0;4.46792,2.58472,0;6.79536,9.99222,0;7.82771,0.534844,0;9.68067,3.27396,0;9.68999,9.89815,0;|
0.492451,0.690266,0;2.69939,2.62785,0;2.79138,8.72451,0;3.16311,6.42775,0;4.4784,2.57162,0;6.80585,9.97912,0;7.83819,0.521744,0;9.69115,3.26086,0;9.70047,9.88505,0;|
0.502935,0.677167,0;2.70987,2.61475,0;2.80186,8.71141,0;3.17359,6.41466,0;4.48888,2.55852,0;6.81633,9.96602,0;7.84867,0.508645,0;9.70164,3.24776,0;9.71095,9.87195,0;|
0.513419,0.664067,0;2.72035,2.60165,0;2.81235,8.69831,0;3.18408,6.40156,0;4.49937,2.54542,0;6.82682,9.95292,0;7.85916,0.495546,0;9.71212,3.23466,0;9.72144,9.85886,0;|
0.523903,0.650968,0;2.73084,2.58855,0;2.82283,8.68521,0;3.19456,6.38846,0;4.50985,2.53232,0;6.8373,9.93982,0;7.86964,0.482446,0;9.7226,3.22156,0;9.73192,9.84576,0;|
0.534387,0.637869,0;2.74132,2.57545,0;2.83331,8.67211,0;3.20505,6.37536,0;4.52034,2.51922,0;6.84778,9.92672,0;7.88012,0.469347,0;9.73309,3.20846,0;9.7424,9.83266,0;|
0.544871,0.624769,0;2.75181,2.56235,0;2.8438,8.65901,0;3.21553,6.36226,0;4.53082,2.50612,0;6.85827,9.91362,0;7.89061,0.456248,0;9.74357,3.19536,0;9.75289,9.81956,0;|
0.555354,0.61167,0;2.76229,2.54925,0;2.85428,8.64592,0;3.22601,6.34916,0;4.5413,2.49302,0;6.86875,9.90053,0;7.90109,0.443148,0;9.75405,3.18226,0;9.76337,9.80646,0;|
0.565838,0.598571,0;2.77277,2.53615,0;2.86477,8.63282,0;3.2365,6.33606,0;4.55179,2.47992,0;6.87923,9.88743,0;7.91158,0.430049,0;9.76454,3.16916,0;9.77386,9.79336,0;|
0.576322,0.585471,0;2.78326,2.52306,0;2.87525,8.61972,0;3.24698,6.32296,0;4.56227,2.46682,0;6.88972,9.87433,0;7.92206,0.41695,0;9.77502,3.15606,0;9.78434,9.78026,0;|
0.586806,0.572372,0;2.79374,2.50996,0;2.88573,8.60662,0;3.25747,6.30986,0;4.57275,2.45372,0;6.9002,9.86123,0;7.93254,0.403851,0;9.78551,3.14296,0;9.79482,9.76716,0;|
0.59729,0.559273,0;2.80423,2.49686,0;2.89622,8.59352,0;3.26795,6.29676,0;4.58324,2.44062,0;6.91069,9.84813,0;7.94303,0.390751,0;9.79599,3.12986,0;9.80531,9.75406,0;|
0.607774,0.546174,0;2.81471,2.48376,0;2.9067,8.58042,0;3.27843,6.28366,0;4.59372,2.42752,0;6.92117,9.83503,0;7.95351,0.377652,0;9.80647,3.11677,0;9.81579,9.74096,0;|
0.618258,0.533074,0;2.82519,2.47066,0;2.91719,8.56732,0;3.28892,6.27056,0;4.60421,2.41442,0;6.93165,9.82193,0;7.96399,0.364553,0;9.81696,3.10367,0;9.82627,9.72786,0;|
0.628741,0.519975,0;2.83568,2.45756,0;2.92767,8.55422,0;3.2994,6.25747,0;4.61469,2.40132,0;6.94214,9.80883,0;7.97448,0.351453,0;9.82744,3.09057,0;9.83676,9.71476,0;|
0.639225,0.506876,0;2.84616,2.44446,0;2.93815,8.54112,0;3.30989,6.24437,0;4.62517,2.38822,0;6.95262,9.79573,0;7.98496,0.338354,0;9.83792,3.07747,0;9.84724,9.70166,0;|
0.649709,0.493776,0;2.85665,2.43136,0;2.94864,8.52802,0;3.32037,6.23127,0;4.63566,2.37512,0;6.9631,9.78263,0;7.99545,0.325255,0;9.84841,3.06437,0;9.85773,9.68856,0;|
0.660193,0.480677,0;2.86713,2.41826,0;2.95912,8.51492,0;3.33085,6.21817,0;4.64614,2.36202,0;6.97359,9.76953,0;8.00593,0.312155,0;9.85889,3.05127,0;9.86821,9.67546,0;|
0.670677,0.467578,0;2.87761,2.40516,0;2.96961,8.50182,0;3.34134,6.20507,0;4.65662,2.34893,0;6.98407,9.75643,0;8.01641,0.299056,0;9.86938,3.03817,0;9.87869,9.66236,0;|
0.681161,0.454478,0;2.8881,2.39206,0;2.98009,8.48872,0;3.35182,6.19197,0;4.66711,2.33583,0;6.99456,9.74333,0;8.0269,0.285957,0;9.87986,3.02507,0;9.88918,9.64926,0;|
0.691645,0.441379,0;2.89858,2.37896,0;2.99057,8.47562,0;3.36231,6.17887,0;4.67759,2.32273,0;7.00504,9.73023,0;8.03738,0.272857,0;9.89034,3.01197,0;9.89966,9.63616,0;|
0.702128,0.42828,0;2.90907,2.36586,0;3.00106,8.46252,0;3.37279,6.16577,0;4.68808,2.30963,0;7.01552,9.71713,0;8.04786,0.259758,0;9.90083,2.99887,0;9.91014,9.62306,0;|
0.712612,0.41518,0;2.91955,2.35276,0;3.01154,8.44942,0;3.38327,6.15267,0;4.69856,2.29653,0;7.02601,9.70403,0;8.05835,0.246659,0;9.91131,2.98577,0;9.92063,9.60996,0;|
0.723096,0.402081,0;2.93003,2.33966,0;3.02203,8.43632,0;3.39376,6.13957,0;4.70904,2.28343,0;7.03649,9.69093,0;8.06883,0.233559,0;9.92179,2.97267,0;9.93111,9.59686,0;|
0.73358,0.388982,0;2.94052,2.32656,0;3.03251,8.42322,0;3.40424,6.12647,0;4.71953,2.27033,0;7.04697,9.67783,0;8.07932,0.22046,0;9.93228,2.95957,0;9.9416,9.58376,0;|
0.744064,0.375882,0;2.951,2.31346,0;3.04299,8.41012,0;3.41473,6.11337,0;4.73001,2.25723,0;7.05746,9.66473,0;8.0898,0.207361,0;9.94276,2.94647,0;9.95208,9.57066,0;|
0.754548,0.362783,0;2.96149,2.30036,0;3.05348,8.39702,0;3.42521,6.10028,0;4.74049,2.24413,0;7.06794,9.65163,0;8.10028,0.194261,0;9.95325,2.93337,0;9.96256,9.55756,0;|
0.765032,0.349684,0;2.97197,2.28727,0;3.06396,8.38392,0;3.43569,6.08718,0;4.75098,2.23103,0;7.07843,9.63853,0;8.11077,0.181162,0;9.96373,2.92027,0;9.97305,9.54446,0;|
0.775515,0.336585,0;2.98245,2.27417,0;3.07445,8.37082,0;3.44618,6.07408,0;4.76146,2.21793,0;7.08891,9.62543,0;8.12125,0.168063,0;9.97421,2.90717,0;9.98353,9.53136,0;|
0.785999,0.323485,0;2.99294,2.26107,0;3.08493,8.35772,0;3.45666,6.06098,0;4.77195,2.20483,0;7.09939,9.61233,0;8.13173,0.154963,0;9.9847,2.89407,0;9.99401,9.51826,0;|
0.00449848,9.50516,0;0.796483,0.310386,0;3.00342,2.24797,0;3.09541,8.34462,0;3.46714,6.04788,0;4.78243,2.19173,0;7.10988,9.59923,0;8.14222,0.141864,0;9.99518,2.88098,0;|
0.00566387,2.86788,0;0.0149824,9.49206,0;0.806967,0.297287,0;3.01391,2.23487,0;3.1059,8.33152,0;3.47763,6.03478,0;4.79291,2.17863,0;7.12036,9.58613,0;8.1527,0.128765,0;|
0.0161477,2.85478,0;0.0254662,9.47896,0;0.817451,0.284187,0;3.02439,2.22177,0;3.11638,8.31842,0;3.48811,6.02168,0;4.8034,2.16553,0;7.13084,9.57303,0;8.16319,0.115666,0;|
0.0266316,2.84168,0;0.0359501,9.46587,0;0.827935,0.271088,0;3.03487,2.20867,0;3.12686,8.30532,0;3.4986,6.00858,0;4.81388,2.15243,0;7.14133,9.55993,0;8.17367,0.102566,0;|
0.0371155,2.82858,0;0.046434,9.45277,0;0.838419,0.257989,0;3.04536,2.19557,0;3.13735,8.29222,0;3.50908,5.99548,0;4.82436,2.13933,0;7.15181,9.54683,0;8.18415,0.0894669,0;|
0.0475994,2.81548,0;0.0569178,9.43967,0;0.848903,0.244889,0;3.05584,2.18247,0;3.14783,8.27912,0;3.51956,5.98238,0;4.83485,2.12624,0;7.1623,9.53373,0;8.19464,0.0763675,0;|
0.0580832,2.80238,0;0.0674017,9.42657,0;0.859386,0.23179,0;3.06633,2.16937,0;3.15832,8.26602,0;3.53005,5.96928,0;4.84533,2.11314,0;7.17278,9.52063,0;8.20512,0.0632682,0;|
0.0685671,2.78928,0;0.0778856,9.41347,0;0.86987,0.218691,0;3.07681,2.15627,0;3.1688,8.25292,0;3.54053,5.95618,0;4.85582,2.10004,0;7.18326,9.50753,0;8.2156,0.0501689,0;|
0.079051,2.77618,0;0.0883695,9.40037,0;0.880354,0.205591,0;3.08729,2.14317,0;3.17928,8.23983,0;3.55102,5.94308,0;4.8663,2.08694,0;7.19375,9.49444,0;8.22609,0.0370695,0;|
0.0895349,2.76308,0;0.0988533,9.38727,0;0.890838,0.192492,0;3.09778,2.13007,0;3.18977,8.22673,0;3.5615,5.92999,0;4.87678,2.07384,0;7.20423,9.48134,0;8.23657,0.0239702,0;|
0.100019,2.74998,0;0.109337,9.37417,0;0.901322,0.179393,0;3.10826,2.11697,0;3.20025,8.21363,0;3.57198,5.91689,0;4.88727,2.06074,0;7.21471,9.46824,0;8.24706,0.0108709,0;|
0.110503,2.73688,0;0.119821,9.36107,0;0.911806,0.166293,0;3.11875,2.10387,0;3.21074,8.20053,0;3.58247,5.90379,0;4.89775,2.04764,0;7.2252,9.45514,0;8.25754,9.99777,0;|
0.120986,2.72378,0;0.130305,9.34797,0;0.92229,0.153194,0;3.12923,2.09077,0;3.22122,8.18743,0;3.59295,5.89069,0;4.90823,2.03454,0;7.23568,9.44204,0;8.26802,9.98467,0;|
0.13147,2.71068,0;0.140789,9.33487,0;0.932773,0.140095,0;3.13971,2.07767,0;3.2317,8.17433,0;3.60344,5.87759,0;4.91872,2.02144,0;7.24617,9.42894,0;8.27851,9.97157,0;|
